0 0.374048 0.807433 0.016222 0.023250
0 0.860636 0.819322 0.019851 0.032298
0 0.856641 0.858639 0.021520 0.026952
0 0.851062 0.775154 0.026271 0.036654
0 0.648888 0.690510 0.019084 0.029712
2 0.180980 0.324577 0.051364 0.073154
0 0.257631 0.354572 0.018445 0.024971
0 0.238040 0.349889 0.016136 0.028087
0 0.378086 0.179788 0.017294 0.024962
0 0.888146 0.257034 0.025355 0.029644
0 0.866250 0.257034 0.023054 0.029644
0 0.863594 0.223481 0.023054 0.031212
0 0.409915 0.355192 0.016009 0.023481
0 0.452798 0.554231 0.017372 0.024038
0 0.414002 0.578005 0.018530 0.021433
0 0.499482 0.416788 0.014744 0.019962
0 0.501087 0.441471 0.017429 0.025769
0 0.519585 0.427861 0.018501 0.023952
0 0.510124 0.404846 0.025092 0.034154
0 0.349908 0.316899 0.020710 0.028663
0 0.033509 0.260822 0.021165 0.033644
0 0.220671 0.260183 0.020547 0.024212
1 0.010724 0.130413 0.021207 0.043019
1 0.155856 0.258288 0.039766 0.024231
1 0.403711 0.374481 0.018558 0.035885
1 0.418956 0.373582 0.022528 0.021529
1 0.206818 0.229159 0.019176 0.049760
0 0.170000 0.233048 0.015980 0.025962
0 0.237578 0.270043 0.017614 0.022933
0 0.026168 0.240572 0.013388 0.022433
0 0.137326 0.960822 0.021825 0.029548
0 0.176577 0.934524 0.015440 0.024125
0 0.192706 0.932620 0.019219 0.023029
0 0.915898 0.230394 0.011385 0.021115
0 0.722369 0.579615 0.021882 0.027308
0 0.266758 0.851736 0.018828 0.033644
0 0.293817 0.860337 0.019936 0.028404
0 0.143352 0.841644 0.013807 0.022423
0 0.539474 0.336269 0.022940 0.028981
0 0.822095 0.824875 0.029588 0.034885
0 0.115302 0.986846 0.021428 0.026308
1 0.054638 0.974644 0.025426 0.050692
0 0.273221 0.409072 0.013572 0.020798
1 0.259265 0.406822 0.021513 0.019760
0 0.055135 0.524976 0.020795 0.025144
0 0.049826 0.544438 0.021683 0.030548
1 0.199574 0.902236 0.029119 0.041971
1 0.241790 0.972149 0.032443 0.028952
1 0.276982 0.862952 0.018438 0.051654
1 0.468516 0.689774 0.025668 0.023971
1 0.491534 0.718832 0.027443 0.029356
0 0.477145 0.826361 0.014602 0.017971
1 0.464933 0.664971 0.022124 0.036538
1 0.472674 0.672760 0.021683 0.019769
1 0.676889 0.641010 0.027429 0.024558
1 0.649677 0.659279 0.022564 0.043135
1 0.673793 0.573913 0.031861 0.022173
1 0.662507 0.624534 0.030526 0.040740
1 0.483196 0.842168 0.026761 0.027952
2 0.126342 0.909846 0.026463 0.058673
1 0.144176 0.908808 0.019176 0.058673
1 0.187322 0.869606 0.027230 0.024923
1 0.260934 0.330519 0.020249 0.047346
1 0.016939 0.555971 0.033878 0.025904
0 0.157170 0.822293 0.016570 0.023183
1 0.467663 0.537260 0.021619 0.046058
1 0.434851 0.686510 0.028764 0.028558
1 0.440763 0.630043 0.022053 0.043702
0 0.006655 0.845697 0.013310 0.032298
0 0.091808 0.941250 0.021939 0.035000
0 0.078551 0.956500 0.021932 0.031404
0 0.224680 0.988346 0.018622 0.023308
0 0.162656 0.886880 0.017173 0.023183
0 0.176509 0.828649 0.026527 0.029913
0 0.127624 0.846966 0.014908 0.023183
0 0.116303 0.844716 0.014354 0.020202
0 0.296342 0.881731 0.017670 0.023923
0 0.276261 0.900505 0.020675 0.030144
0 0.262504 0.900178 0.016697 0.032298
0 0.012791 0.769904 0.016705 0.028000
0 0.121346 0.498582 0.023857 0.032298
0 0.491286 0.814380 0.013764 0.020375
0 0.479801 0.806889 0.014602 0.017375
0 0.476481 0.789817 0.013274 0.016769
0 0.470952 0.802399 0.014602 0.021567
0 0.466747 0.817678 0.017699 0.022163
0 0.558910 0.905745 0.020589 0.022048
0 0.558757 0.925087 0.017827 0.020808
0 0.546619 0.916558 0.016903 0.022058
0 0.484847 0.708106 0.015930 0.020962
0 0.475110 0.704510 0.014155 0.018577
0 0.491040 0.694327 0.018587 0.019769
0 0.486396 0.679053 0.018146 0.021567
0 0.287745 0.921644 0.021044 0.035885
0 0.448338 0.697918 0.017259 0.017375
0 0.485728 0.655990 0.018587 0.019769
0 0.467369 0.712899 0.015490 0.023356
0 0.429091 0.574212 0.016818 0.022769
0 0.446570 0.575413 0.025227 0.031154
0 0.271786 0.392394 0.019027 0.019769
1 0.041307 0.970346 0.012642 0.059308
0 0.004549 0.524928 0.009098 0.031529
2 0.077045 0.862736 0.035256 0.058952
3 0.317734 0.867659 0.034176 0.042760
1 0.612056 0.679832 0.029226 0.091125
2 0.032159 0.922928 0.043011 0.039144
1 0.188928 0.891673 0.020185 0.046212
1 0.013509 0.433202 0.023693 0.051404
1 0.043182 0.804038 0.065625 0.083462
0 0.182340 0.577962 0.023061 0.034192
1 0.103526 0.498620 0.021683 0.050837
1 0.077369 0.487101 0.034240 0.030798
0 0.144744 0.815938 0.017116 0.017952
0 0.901069 0.246534 0.018274 0.022625
0 0.385966 0.341620 0.009531 0.023375
0 0.373690 0.332966 0.015760 0.023817
0 0.375888 0.358245 0.016491 0.024856
0 0.242493 0.241428 0.017955 0.026298
1 0.219957 0.233240 0.021989 0.038692
1 0.197603 0.258519 0.026385 0.041731
1 0.198700 0.243389 0.009531 0.073971
0 0.134801 0.823788 0.013807 0.020192
0 0.906868 0.229639 0.017827 0.022625
1 0.077944 0.452649 0.030447 0.037471
0 0.053249 0.508918 0.015618 0.015260
1 0.096939 0.847639 0.024915 0.039817
0 0.505980 0.235245 0.023111 0.031798
1 0.053434 0.852418 0.021072 0.043567
0 0.120881 0.860144 0.019716 0.016865
0 0.122610 0.877707 0.022493 0.022952
0 0.183789 0.029514 0.023018 0.040375
2 0.436768 0.546534 0.033239 0.035913
2 0.665384 0.666173 0.020355 0.043731
1 0.182067 0.231202 0.013139 0.051635
1 0.156619 0.851827 0.026506 0.035885
1 0.200249 0.847750 0.026506 0.030731
2 0.571971 0.316077 0.036641 0.041885
1 0.413619 0.598649 0.018146 0.021433
1 0.155952 0.235212 0.016591 0.026827
0 0.371165 0.021236 0.022940 0.032087
0 0.390661 0.062639 0.022173 0.025875
0 0.395629 0.036245 0.016825 0.020702
0 0.414744 0.047630 0.025994 0.028990
0 0.157127 0.141832 0.021541 0.028990
0 0.402511 0.012433 0.016825 0.022769
0 0.417383 0.008293 0.016129 0.016567
0 0.179620 0.124760 0.023700 0.025865
0 0.158210 0.115438 0.022173 0.027952
0 0.269084 0.175995 0.028295 0.035202
0 0.167770 0.166678 0.016818 0.022779
0 0.630756 0.059534 0.019112 0.025875
0 0.521413 0.098875 0.014531 0.025885
0 0.777184 0.201875 0.016825 0.028981
0 0.338736 0.914024 0.016222 0.021971
0 0.808150 0.194625 0.022180 0.031058
0 0.479357 0.417192 0.023700 0.031058
0 0.919403 0.510885 0.021406 0.030019
0 0.871996 0.386139 0.016818 0.026913
0 0.789798 0.321957 0.016058 0.020702
0 0.932401 0.104567 0.018352 0.028981
0 0.951900 0.106659 0.023700 0.031010
0 0.616229 0.235000 0.026761 0.028981
0 0.617372 0.301255 0.022940 0.033125
0 0.602081 0.339038 0.022940 0.032096
0 0.787873 0.246885 0.019851 0.028000
0 0.012546 0.270197 0.019879 0.033125
0 0.521467 0.353067 0.024751 0.032327
0 0.500387 0.545562 0.024467 0.033125
1 0.430859 0.599375 0.020355 0.038346
1 0.451218 0.684144 0.022124 0.024558
0 0.337209 0.969957 0.016562 0.022433
0 0.324229 0.965101 0.016016 0.020183
0 0.346317 0.992457 0.020433 0.015087
1 0.515593 0.460500 0.022649 0.055346
1 0.171815 0.546471 0.023175 0.055327
1 0.099723 0.457500 0.019304 0.041865
1 0.105810 0.432077 0.041420 0.029904
1 0.077908 0.992418 0.032607 0.015163
2 0.194922 0.761053 0.050582 0.104644
2 0.626023 0.666538 0.035440 0.081000
2 0.600320 0.700490 0.066264 0.122288
2 0.455831 0.916865 0.071577 0.135654
1 0.878249 0.454904 0.032706 0.037115
1 0.871069 0.487341 0.026342 0.042183
1 0.995799 0.434697 0.008402 0.027048
1 0.981211 0.442630 0.020234 0.030644
1 0.992869 0.395212 0.014261 0.030288
1 0.989805 0.415769 0.020391 0.023077
1 0.963739 0.410538 0.023658 0.035692
0 0.992603 0.498159 0.014794 0.026317
0 0.989187 0.471476 0.019155 0.028490
0 0.992603 0.369971 0.014794 0.020192
0 0.984247 0.349423 0.021037 0.023077
0 0.992202 0.328505 0.015597 0.026683
0 0.558704 0.884966 0.021953 0.028394
0 0.543438 0.865572 0.020043 0.025837
0 0.393072 0.316197 0.018260 0.027990
0 0.366843 0.321582 0.015107 0.023683
0 0.243576 0.410942 0.013516 0.017231
0 0.248349 0.421173 0.015107 0.020462
0 0.443185 0.724793 0.019879 0.024760
0 0.867852 0.306510 0.024652 0.028000
1 0.248984 0.908466 0.019091 0.059221
1 0.355153 0.165034 0.023061 0.036606
1 0.332326 0.167293 0.027834 0.036606
1 0.346708 0.233346 0.028714 0.026923
1 0.324339 0.241572 0.025952 0.029913
1 0.340632 0.220260 0.059645 0.032154
1 0.326829 0.196337 0.029822 0.030654
1 0.354265 0.206582 0.017578 0.046625
1 0.340604 0.254519 0.030625 0.024154
1 0.442585 0.656288 0.026108 0.027558
1 0.416115 0.551707 0.017344 0.043356
1 0.598438 0.205678 0.017969 0.059952
0 0.374134 0.355923 0.015526 0.018019
0 0.286207 0.395404 0.015085 0.024962
0 0.349709 0.912082 0.015270 0.018087
