1 0.044446 0.016774 0.029886 0.033548
3 0.880124 0.716736 0.045064 0.074990
1 0.031722 0.207755 0.032109 0.046587
1 0.535618 0.123899 0.059645 0.034163
1 0.104226 0.382846 0.029361 0.147827
0 0.187266 0.413279 0.021108 0.037269
2 0.593288 0.921356 0.038537 0.081981
0 0.023022 0.169803 0.022933 0.037260
0 0.862592 0.437505 0.022940 0.038510
0 0.898832 0.559861 0.023857 0.032298
0 0.908466 0.577875 0.022940 0.036019
0 0.076701 0.795889 0.025689 0.032298
0 0.044585 0.835019 0.025689 0.033538
0 0.308846 0.222596 0.023857 0.033538
0 0.683207 0.155519 0.025689 0.031058
1 0.009886 0.015361 0.019773 0.030721
0 0.541442 0.260486 0.024773 0.032298
0 0.851122 0.536264 0.025696 0.034779
1 0.472152 0.500712 0.053523 0.048654
2 0.205323 0.951615 0.050646 0.093904
1 0.052276 0.797332 0.037436 0.032798
1 0.089712 0.824904 0.037436 0.040250
2 0.442713 0.464481 0.042060 0.059000
2 0.614432 0.171534 0.034361 0.071317
2 0.515376 0.325024 0.062983 0.071317
3 0.538626 0.038918 0.035121 0.048413
3 0.570103 0.158236 0.035788 0.055644
2 0.262408 0.681149 0.051534 0.099221
3 0.596797 0.971851 0.044659 0.051163
2 0.339695 0.655567 0.077855 0.044962
2 0.432191 0.705495 0.033132 0.082240
2 0.434723 0.672476 0.056605 0.064798
2 0.376506 0.628548 0.045099 0.077885
3 0.419755 0.611846 0.061839 0.089923
3 0.503704 0.085986 0.059354 0.084740
3 0.623320 0.034144 0.058984 0.062808
3 0.765607 0.024990 0.060973 0.049346
2 0.837873 0.463298 0.119070 0.076019
2 0.479418 0.518313 0.049702 0.044510
1 0.191009 0.564784 0.083679 0.077510
2 0.232411 0.479365 0.028629 0.058135
1 0.694219 0.477880 0.022017 0.044721
1 0.667610 0.451793 0.049553 0.072048
1 0.207450 0.893404 0.032116 0.036019
0 0.452653 0.487774 0.023700 0.033125
1 0.577227 0.520731 0.048629 0.031058
1 0.531349 0.528808 0.063310 0.029808
2 0.450231 0.300226 0.055859 0.164356
2 0.299560 0.747264 0.036534 0.061721
0 0.170810 0.420106 0.019460 0.028231
2 0.764371 0.490678 0.025021 0.050817
1 0.861680 0.513731 0.036143 0.051750
1 0.269059 0.888317 0.025021 0.028231
2 0.495256 0.020572 0.027741 0.041144
0 0.672390 0.010000 0.021768 0.020000
1 0.882251 0.566500 0.023352 0.039519
1 0.317308 0.734332 0.020483 0.034029
1 0.333398 0.699639 0.030533 0.048144
1 0.314645 0.693947 0.025142 0.056721
1 0.335156 0.635587 0.031506 0.038577
2 0.373519 0.594519 0.064055 0.058077
2 0.467223 0.570471 0.054304 0.038115
1 0.562042 0.438221 0.023857 0.031769
1 0.730227 0.439986 0.032401 0.036683
1 0.736371 0.470231 0.025696 0.045000
1 0.739322 0.404149 0.028672 0.034971
1 0.725568 0.479976 0.057926 0.061163
1 0.517923 0.488212 0.034169 0.032154
1 0.150710 0.597995 0.024901 0.035279
1 0.139705 0.579962 0.024908 0.035288
1 0.170980 0.521538 0.028381 0.036077
1 0.142891 0.534481 0.028963 0.041558
0 0.011523 0.055591 0.023047 0.037933
1 0.768690 0.443125 0.046044 0.054192
2 0.595039 0.104370 0.037038 0.051490
2 0.554506 0.092856 0.038033 0.050135
2 0.497379 0.145538 0.040625 0.039212
1 0.570018 0.050173 0.039027 0.037942
1 0.885057 0.611995 0.027528 0.043471
2 0.027134 0.275038 0.039766 0.054865
2 0.019109 0.247606 0.037464 0.043481
2 0.051602 0.231043 0.024467 0.070394
1 0.575824 0.076327 0.026023 0.035231
2 0.411882 0.058981 0.021023 0.044712
2 0.704134 0.329308 0.035028 0.065038
2 0.684155 0.360005 0.038807 0.048625
2 0.198786 0.494490 0.028381 0.035288
2 0.197915 0.533303 0.027805 0.042337
2 0.574464 0.468159 0.030476 0.042279
2 0.859315 0.578356 0.042536 0.040654
0 0.069123 0.013952 0.025021 0.027904
2 0.557227 0.954937 0.030859 0.068875
2 0.881488 0.422928 0.034055 0.035760
2 0.661783 0.240880 0.044347 0.038298
2 0.202408 0.395269 0.045881 0.080750
2 0.188643 0.438125 0.073409 0.089442
3 0.820827 0.718269 0.047692 0.083269
